n <- 2
m <- 5
j <- 6